.Random.seed <-
c(403L, 10L, -916990398L, -1708013155L, -167326697L, 1597682046L, 
-1534843080L, -1238052837L, -1128390279L, 350390216L, 1687931894L, 
-565674447L, -1772693405L, -716294094L, -247278204L, -1861125177L, 
933965469L, 240993812L, -1213432646L, 166283525L, -597316897L, 
95352678L, -1926107408L, 873477651L, 1363107761L, -329446816L, 
-181315586L, -815384695L, -1278615365L, -1735517046L, 73645932L, 
-2112606993L, 1816774437L, 124326364L, -1925943374L, 1324103341L, 
2115980903L, 390851982L, 1999932008L, 308790891L, -731897847L, 
-1082147176L, -770602554L, -2106836703L, 1085110707L, 1823925538L, 
1784086292L, -805058665L, -1543977075L, -828564828L, 927716490L, 
-599602443L, -1524400817L, 1267391062L, -822376192L, 1434184771L, 
-846266399L, -1678143664L, -769728082L, -1025675431L, -715332245L, 
316812506L, 1874961820L, -160847457L, -119837707L, -469767540L, 
547848034L, 282607421L, -1121060937L, -1766091682L, -679712360L, 
-1471730437L, 1523738777L, -1968129752L, 598564822L, 1042582609L, 
-143513853L, 609562258L, 1865231396L, 513364711L, 1593526077L, 
-1043736652L, 799415322L, -49133723L, 418011647L, -32525178L, 
-80439280L, 1469221555L, -449296047L, 1769228544L, 1119718366L, 
-1796319191L, 346476507L, 739020010L, 816282252L, -1115666993L, 
639949189L, 1207927356L, -930744558L, -1415611379L, -182896825L, 
1556362542L, -2055494520L, 1378996619L, 1025870185L, 1390617400L, 
-185315866L, 1712085377L, 9350419L, -38835518L, 1596503412L, 
-1883994761L, -431919507L, 1323458820L, -1835690966L, 775563669L, 
-627933649L, -1480762570L, -935525536L, 1722706339L, -894271L, 
1581060784L, -620196402L, -872423111L, -1023533749L, -2106173702L, 
892704764L, 2018326591L, 1819918613L, 1372424748L, -128190718L, 
-337742883L, -382288169L, -354473538L, 455232504L, 337879003L, 
-50638279L, -1218882680L, -1443933386L, -2143276687L, 415386531L, 
1684388594L, 1425005124L, -1746942713L, -1740751651L, 742881748L, 
1826446586L, 2075665477L, 686331039L, -970820058L, -858918224L, 
135610195L, -1626355087L, -1264699488L, -756310210L, 963405385L, 
-1680538885L, 1180943050L, -1059838932L, -1472078801L, -1355270939L, 
-482148964L, 1427898354L, 976263789L, 544071591L, 535929294L, 
-2116597976L, -789246677L, -2049671351L, -1014733736L, 1929781510L, 
1064131809L, 453270643L, 1704429794L, -400732076L, -1116654249L, 
2007606605L, -2048583452L, -1938266934L, -1762981579L, 1715036047L, 
180124822L, 13775936L, -586955517L, 455182625L, -1020935664L, 
1113508334L, -900653671L, -762107349L, 1351219994L, -2075401764L, 
-693061665L, -2087850059L, 1899895116L, -1572483166L, -1109334275L, 
-1718179849L, -1500643042L, -202781736L, 615484731L, 805882585L, 
1427891816L, -1616005226L, -48332015L, -882799421L, 2137875666L, 
2087997796L, 1458832551L, -1353659907L, 1434362868L, 1764130010L, 
376040997L, -251813057L, -1698074426L, -1148924592L, -422840973L, 
-889806959L, 1888612800L, 750678942L, -1582502551L, 414234011L, 
2093586602L, 1114851020L, -610883697L, 1220846533L, 1738508156L, 
-25446446L, -1154066611L, 1104807431L, -1225227156L, 998661524L, 
-54319022L, -1754903072L, -802831156L, 756453024L, -463560318L, 
-1633341208L, 623586028L, 812408124L, -800044942L, 887468656L, 
-1374701020L, 659834936L, 1685063962L, -1202555696L, -1156159172L, 
-1455361132L, -1045686398L, -903799872L, -1952360900L, -116731504L, 
1229158434L, 609525000L, -1583757172L, 1828519708L, -1132888942L, 
1694666112L, 1363136532L, 1731905320L, 338064954L, -1863333424L, 
-2130427540L, -1271903308L, 1941770770L, -932599840L, 786680268L, 
-400881440L, -647506910L, 1821948712L, -242484724L, 356348732L, 
169957362L, -1956314384L, 978000452L, 1492043352L, -872028358L, 
1049024496L, 684509884L, 1018926356L, -100516670L, -1929327520L, 
-872903300L, -481050672L, -1046243038L, 2007436968L, -709542004L, 
652166332L, -1815731406L, -407452096L, 2131686580L, 1630149704L, 
-1098408518L, 2109020688L, 1295195372L, -1514184364L, -832955630L, 
1963115936L, -1115876660L, 8952416L, 1730648002L, 1223168808L, 
1758396844L, -601365188L, -883965070L, -1144572624L, 1059266340L, 
-2124139208L, 993261274L, 2087147408L, 355164924L, 901561236L, 
2027783234L, 1740320000L, -183193540L, -1754505904L, -1846315870L, 
-1499198648L, 1075773196L, 1396956892L, 814860114L, -1592920448L, 
1702850644L, 636310504L, 150801146L, -1185022640L, -931002580L, 
1868254068L, -229923950L, -1505199520L, -143183988L, -1993873568L, 
944974818L, -2094552152L, -1774129972L, -1459955204L, 1328095154L, 
1532685808L, 1319300548L, 2084946264L, -154618502L, -831435344L, 
-1771265092L, -1379354540L, -1249120318L, 729417760L, -504815428L, 
-1758971312L, -522979358L, -674181528L, -2127303092L, 1005132028L, 
-1024491534L, 1238799616L, 81202036L, -1313355768L, 206277050L, 
-1772016176L, -1913838612L, 1408261012L, -217519150L, 1888997216L, 
801519948L, -1436692192L, -1615949950L, 1804725992L, -1059952404L, 
77889084L, 1738003314L, -730597776L, 1745980452L, 1454997304L, 
-374169446L, -662669616L, 1462441148L, -1399194988L, 926599810L, 
393416896L, -1698233028L, -33826672L, -487358942L, 21043720L, 
-336317172L, -464190820L, -329198062L, -1304485504L, -1467014636L, 
119914024L, -1047895750L, 1933597648L, 64417388L, -1635644620L, 
590017170L, -1400441504L, -358451892L, 2066863072L, -125055070L, 
1745571752L, 1202589580L, -974017860L, 282577778L, -1299922704L, 
-657753020L, 62365016L, 1203064890L, 1777546096L, -1094134724L, 
244550420L, 710352322L, -599601952L, 107124604L, 854832848L, 
822729378L, 942076968L, 497189132L, 1724021692L, -64785102L, 
-22534208L, -1226398156L, 1726569416L, -1758980934L, -644978800L, 
-483169812L, 2083222612L, -2031109486L, 1213799200L, -146603572L, 
-826414112L, 1869141698L, -1855080920L, -284373332L, 2040936124L, 
-255057422L, -277481168L, 1024034980L, -529880392L, -153735334L, 
-49136240L, 2071072124L, -429182700L, -469459646L, 1904321280L, 
-566891588L, 1795253072L, -1467607774L, -1136367288L, 163793932L, 
1505496156L, 1446884562L, -1266510848L, 1110845268L, 1569049064L, 
2057149434L, -283440432L, -677108436L, 1464040692L, 1345987474L, 
2014027234L, 519529552L, 1351986553L, -331001173L, 170699292L, 
868455754L, 598355263L, -976557175L, -1103887458L, 151847500L, 
219866141L, 368303527L, 1702588624L, 2103034478L, -1437819621L, 
-416471427L, 550118506L, -1145540344L, 1251616177L, -2122300893L, 
151086884L, -1891344430L, -1742173145L, 1652762225L, 1378761910L, 
443788372L, 1849267429L, 1796899055L, -950598616L, 2097746054L, 
-1207219533L, -748188651L, 1566781042L, -595277120L, -299421911L, 
-1608704613L, -91755924L, -1091297670L, 1482395567L, 1363057337L, 
130905294L, 231853596L, -1419250291L, -1418554377L, -1795107072L, 
132726110L, 1763968555L, 646621485L, -1836337766L, 1489576792L, 
442718913L, -41546381L, 641314452L, -162559198L, 1402177079L, 
2059109121L, 1275431430L, 371742788L, 1436309877L, -208093985L, 
-434700232L, 1404397590L, 830068771L, 1590192101L, -1662787070L, 
-1159741328L, 1054963225L, 270673931L, 829334268L, 1175712554L, 
-432458401L, 1916038377L, -1525175298L, -894691348L, 242316093L, 
-300843257L, -1900112144L, -1928595826L, -1004621637L, 1288410269L, 
-814806966L, 1404533352L, -208333231L, 643296579L, 1015045188L, 
-1912705294L, 800020167L, -96240495L, -950029802L, 329998452L, 
-483507451L, -1209693873L, -636675256L, 212024038L, -371692525L, 
-1617546379L, 1767523154L, 2134561696L, 1090336393L, -1296317765L, 
236370188L, -1197345638L, -369087985L, -222732711L, 200372974L, 
-162408068L, -397129235L, 2093250199L, -1259867808L, 1597318462L, 
782636555L, -1357032819L, 789319610L, -194568712L, 238959009L, 
1038442323L, 882724468L, -495669246L, 27896471L, -535514015L, 
1152020646L, 1446584484L, 1628854613L, 121932287L, -291073896L, 
-69501514L, -1052436925L, -568452219L, 1829781538L, 1800614672L, 
1705852601L, 1898894187L, -713192868L, -1694054518L, 979892095L, 
1843948233L, 117416798L, 387029004L, -1793677347L, -187731225L, 
-11408624L, 764289582L, 1755298011L, -254351939L, -2011286742L, 
-1680630840L, -2131765007L, 2082051683L, 805872228L, -673390190L, 
